{
 "cells": [
  {
   "cell_type": "code",
   "execution_count": 1,
   "id": "f9cfa3be",
   "metadata": {},
   "outputs": [],
   "source": [
    "\n",
    "# Importing essential libraries\n",
    "import yfinance as yf\n",
    "import pandas as pd\n",
    "import numpy as np\n",
    "import matplotlib.pyplot as plt\n"
   ]
  },
  {
   "cell_type": "code",
   "execution_count": 2,
   "id": "0a02b21c",
   "metadata": {},
   "outputs": [
    {
     "name": "stdout",
     "output_type": "stream",
     "text": [
      "Selected tickers: ['INFY.NS', 'TCS.NS', 'RELIANCE.NS', 'HDFCBANK.NS', 'ITC.NS', 'LT.NS', 'HINDUNILVR.NS', 'SBIN.NS', 'BHARTIARTL.NS', 'MARUTI.NS']\n"
     ]
    }
   ],
   "source": [
    "# Selecting 10 liquid stocks from different sectors (NSE)\n",
    "tickers = [\n",
    "    'INFY.NS', 'TCS.NS', 'RELIANCE.NS', 'HDFCBANK.NS',\n",
    "    'ITC.NS', 'LT.NS', 'HINDUNILVR.NS', 'SBIN.NS',\n",
    "    'BHARTIARTL.NS', 'MARUTI.NS'\n",
    "]\n",
    "\n",
    "# Print tickers for confirmation\n",
    "print(\"Selected tickers:\", tickers)\n"
   ]
  },
  {
   "cell_type": "code",
   "execution_count": 3,
   "id": "b571e178",
   "metadata": {},
   "outputs": [
    {
     "name": "stderr",
     "output_type": "stream",
     "text": [
      "[*********************100%***********************]  10 of 10 completed\n"
     ]
    },
    {
     "data": {
      "text/html": [
       "<div>\n",
       "<style scoped>\n",
       "    .dataframe tbody tr th:only-of-type {\n",
       "        vertical-align: middle;\n",
       "    }\n",
       "\n",
       "    .dataframe tbody tr th {\n",
       "        vertical-align: top;\n",
       "    }\n",
       "\n",
       "    .dataframe thead tr th {\n",
       "        text-align: left;\n",
       "    }\n",
       "\n",
       "    .dataframe thead tr:last-of-type th {\n",
       "        text-align: right;\n",
       "    }\n",
       "</style>\n",
       "<table border=\"1\" class=\"dataframe\">\n",
       "  <thead>\n",
       "    <tr>\n",
       "      <th>Price</th>\n",
       "      <th colspan=\"10\" halign=\"left\">Close</th>\n",
       "      <th>...</th>\n",
       "      <th colspan=\"10\" halign=\"left\">Volume</th>\n",
       "    </tr>\n",
       "    <tr>\n",
       "      <th>Ticker</th>\n",
       "      <th>BHARTIARTL.NS</th>\n",
       "      <th>HDFCBANK.NS</th>\n",
       "      <th>HINDUNILVR.NS</th>\n",
       "      <th>INFY.NS</th>\n",
       "      <th>ITC.NS</th>\n",
       "      <th>LT.NS</th>\n",
       "      <th>MARUTI.NS</th>\n",
       "      <th>RELIANCE.NS</th>\n",
       "      <th>SBIN.NS</th>\n",
       "      <th>TCS.NS</th>\n",
       "      <th>...</th>\n",
       "      <th>BHARTIARTL.NS</th>\n",
       "      <th>HDFCBANK.NS</th>\n",
       "      <th>HINDUNILVR.NS</th>\n",
       "      <th>INFY.NS</th>\n",
       "      <th>ITC.NS</th>\n",
       "      <th>LT.NS</th>\n",
       "      <th>MARUTI.NS</th>\n",
       "      <th>RELIANCE.NS</th>\n",
       "      <th>SBIN.NS</th>\n",
       "      <th>TCS.NS</th>\n",
       "    </tr>\n",
       "    <tr>\n",
       "      <th>Date</th>\n",
       "      <th></th>\n",
       "      <th></th>\n",
       "      <th></th>\n",
       "      <th></th>\n",
       "      <th></th>\n",
       "      <th></th>\n",
       "      <th></th>\n",
       "      <th></th>\n",
       "      <th></th>\n",
       "      <th></th>\n",
       "      <th></th>\n",
       "      <th></th>\n",
       "      <th></th>\n",
       "      <th></th>\n",
       "      <th></th>\n",
       "      <th></th>\n",
       "      <th></th>\n",
       "      <th></th>\n",
       "      <th></th>\n",
       "      <th></th>\n",
       "      <th></th>\n",
       "    </tr>\n",
       "  </thead>\n",
       "  <tbody>\n",
       "    <tr>\n",
       "      <th>2015-01-01</th>\n",
       "      <td>308.073547</td>\n",
       "      <td>217.235367</td>\n",
       "      <td>638.149475</td>\n",
       "      <td>367.770782</td>\n",
       "      <td>173.042160</td>\n",
       "      <td>848.333435</td>\n",
       "      <td>3032.035156</td>\n",
       "      <td>189.999817</td>\n",
       "      <td>279.880524</td>\n",
       "      <td>1006.856262</td>\n",
       "      <td>...</td>\n",
       "      <td>2460188</td>\n",
       "      <td>3544940</td>\n",
       "      <td>372132</td>\n",
       "      <td>2002764</td>\n",
       "      <td>2538978</td>\n",
       "      <td>674298</td>\n",
       "      <td>299232</td>\n",
       "      <td>2963643</td>\n",
       "      <td>6138488</td>\n",
       "      <td>366830</td>\n",
       "    </tr>\n",
       "    <tr>\n",
       "      <th>2015-01-02</th>\n",
       "      <td>309.898743</td>\n",
       "      <td>220.258667</td>\n",
       "      <td>636.045837</td>\n",
       "      <td>374.998108</td>\n",
       "      <td>173.584198</td>\n",
       "      <td>866.226257</td>\n",
       "      <td>3049.143555</td>\n",
       "      <td>189.496933</td>\n",
       "      <td>280.994751</td>\n",
       "      <td>1020.265198</td>\n",
       "      <td>...</td>\n",
       "      <td>2795887</td>\n",
       "      <td>5900384</td>\n",
       "      <td>1207322</td>\n",
       "      <td>6778320</td>\n",
       "      <td>6599676</td>\n",
       "      <td>1936584</td>\n",
       "      <td>233924</td>\n",
       "      <td>7331366</td>\n",
       "      <td>9935094</td>\n",
       "      <td>925740</td>\n",
       "    </tr>\n",
       "    <tr>\n",
       "      <th>2015-01-05</th>\n",
       "      <td>303.022461</td>\n",
       "      <td>218.399063</td>\n",
       "      <td>639.705811</td>\n",
       "      <td>371.775665</td>\n",
       "      <td>174.267609</td>\n",
       "      <td>878.277100</td>\n",
       "      <td>3129.192627</td>\n",
       "      <td>187.421265</td>\n",
       "      <td>278.766357</td>\n",
       "      <td>1004.760498</td>\n",
       "      <td>...</td>\n",
       "      <td>1605267</td>\n",
       "      <td>4796000</td>\n",
       "      <td>849252</td>\n",
       "      <td>9937024</td>\n",
       "      <td>8238987</td>\n",
       "      <td>2176527</td>\n",
       "      <td>536747</td>\n",
       "      <td>10103941</td>\n",
       "      <td>9136716</td>\n",
       "      <td>1754242</td>\n",
       "    </tr>\n",
       "    <tr>\n",
       "      <th>2015-01-06</th>\n",
       "      <td>300.645477</td>\n",
       "      <td>214.999207</td>\n",
       "      <td>651.821899</td>\n",
       "      <td>364.008148</td>\n",
       "      <td>169.790146</td>\n",
       "      <td>848.982422</td>\n",
       "      <td>3081.498779</td>\n",
       "      <td>178.915237</td>\n",
       "      <td>267.312653</td>\n",
       "      <td>967.718140</td>\n",
       "      <td>...</td>\n",
       "      <td>3916948</td>\n",
       "      <td>8219680</td>\n",
       "      <td>2738679</td>\n",
       "      <td>9667316</td>\n",
       "      <td>13093039</td>\n",
       "      <td>3048025</td>\n",
       "      <td>422743</td>\n",
       "      <td>18627980</td>\n",
       "      <td>15329257</td>\n",
       "      <td>2423784</td>\n",
       "    </tr>\n",
       "    <tr>\n",
       "      <th>2015-01-07</th>\n",
       "      <td>301.367065</td>\n",
       "      <td>215.626724</td>\n",
       "      <td>674.707520</td>\n",
       "      <td>365.749786</td>\n",
       "      <td>166.632355</td>\n",
       "      <td>846.950378</td>\n",
       "      <td>3120.071289</td>\n",
       "      <td>182.809814</td>\n",
       "      <td>267.535522</td>\n",
       "      <td>956.287415</td>\n",
       "      <td>...</td>\n",
       "      <td>4899318</td>\n",
       "      <td>5746112</td>\n",
       "      <td>3744143</td>\n",
       "      <td>7249916</td>\n",
       "      <td>11960580</td>\n",
       "      <td>2063635</td>\n",
       "      <td>369241</td>\n",
       "      <td>20720312</td>\n",
       "      <td>15046745</td>\n",
       "      <td>2636332</td>\n",
       "    </tr>\n",
       "  </tbody>\n",
       "</table>\n",
       "<p>5 rows × 50 columns</p>\n",
       "</div>"
      ],
      "text/plain": [
       "Price              Close                                                    \\\n",
       "Ticker     BHARTIARTL.NS HDFCBANK.NS HINDUNILVR.NS     INFY.NS      ITC.NS   \n",
       "Date                                                                         \n",
       "2015-01-01    308.073547  217.235367    638.149475  367.770782  173.042160   \n",
       "2015-01-02    309.898743  220.258667    636.045837  374.998108  173.584198   \n",
       "2015-01-05    303.022461  218.399063    639.705811  371.775665  174.267609   \n",
       "2015-01-06    300.645477  214.999207    651.821899  364.008148  169.790146   \n",
       "2015-01-07    301.367065  215.626724    674.707520  365.749786  166.632355   \n",
       "\n",
       "Price                                                                     ...  \\\n",
       "Ticker           LT.NS    MARUTI.NS RELIANCE.NS     SBIN.NS       TCS.NS  ...   \n",
       "Date                                                                      ...   \n",
       "2015-01-01  848.333435  3032.035156  189.999817  279.880524  1006.856262  ...   \n",
       "2015-01-02  866.226257  3049.143555  189.496933  280.994751  1020.265198  ...   \n",
       "2015-01-05  878.277100  3129.192627  187.421265  278.766357  1004.760498  ...   \n",
       "2015-01-06  848.982422  3081.498779  178.915237  267.312653   967.718140  ...   \n",
       "2015-01-07  846.950378  3120.071289  182.809814  267.535522   956.287415  ...   \n",
       "\n",
       "Price             Volume                                               \\\n",
       "Ticker     BHARTIARTL.NS HDFCBANK.NS HINDUNILVR.NS  INFY.NS    ITC.NS   \n",
       "Date                                                                    \n",
       "2015-01-01       2460188     3544940        372132  2002764   2538978   \n",
       "2015-01-02       2795887     5900384       1207322  6778320   6599676   \n",
       "2015-01-05       1605267     4796000        849252  9937024   8238987   \n",
       "2015-01-06       3916948     8219680       2738679  9667316  13093039   \n",
       "2015-01-07       4899318     5746112       3744143  7249916  11960580   \n",
       "\n",
       "Price                                                         \n",
       "Ticker        LT.NS MARUTI.NS RELIANCE.NS   SBIN.NS   TCS.NS  \n",
       "Date                                                          \n",
       "2015-01-01   674298    299232     2963643   6138488   366830  \n",
       "2015-01-02  1936584    233924     7331366   9935094   925740  \n",
       "2015-01-05  2176527    536747    10103941   9136716  1754242  \n",
       "2015-01-06  3048025    422743    18627980  15329257  2423784  \n",
       "2015-01-07  2063635    369241    20720312  15046745  2636332  \n",
       "\n",
       "[5 rows x 50 columns]"
      ]
     },
     "execution_count": 3,
     "metadata": {},
     "output_type": "execute_result"
    }
   ],
   "source": [
    "# Downloading 10 years of historical daily data correctly for adjusted close prices\n",
    "data = yf.download(tickers, start='2015-01-01', end='2025-01-01', auto_adjust=True)\n",
    "\n",
    "# 'auto_adjust=True' means downloaded data is already adjusted for splits/dividends, so we can directly use the 'Close' column and the result will already be a DataFrame of Close prices\n",
    "\n",
    "# Displaying the first few rows\n",
    "data.head()\n"
   ]
  },
  {
   "cell_type": "code",
   "execution_count": 4,
   "id": "6048a1a4",
   "metadata": {},
   "outputs": [
    {
     "data": {
      "text/html": [
       "<div>\n",
       "<style scoped>\n",
       "    .dataframe tbody tr th:only-of-type {\n",
       "        vertical-align: middle;\n",
       "    }\n",
       "\n",
       "    .dataframe tbody tr th {\n",
       "        vertical-align: top;\n",
       "    }\n",
       "\n",
       "    .dataframe thead th {\n",
       "        text-align: right;\n",
       "    }\n",
       "</style>\n",
       "<table border=\"1\" class=\"dataframe\">\n",
       "  <thead>\n",
       "    <tr style=\"text-align: right;\">\n",
       "      <th>Ticker</th>\n",
       "      <th>BHARTIARTL.NS</th>\n",
       "      <th>HDFCBANK.NS</th>\n",
       "      <th>HINDUNILVR.NS</th>\n",
       "      <th>INFY.NS</th>\n",
       "      <th>ITC.NS</th>\n",
       "      <th>LT.NS</th>\n",
       "      <th>MARUTI.NS</th>\n",
       "      <th>RELIANCE.NS</th>\n",
       "      <th>SBIN.NS</th>\n",
       "      <th>TCS.NS</th>\n",
       "    </tr>\n",
       "    <tr>\n",
       "      <th>Date</th>\n",
       "      <th></th>\n",
       "      <th></th>\n",
       "      <th></th>\n",
       "      <th></th>\n",
       "      <th></th>\n",
       "      <th></th>\n",
       "      <th></th>\n",
       "      <th></th>\n",
       "      <th></th>\n",
       "      <th></th>\n",
       "    </tr>\n",
       "  </thead>\n",
       "  <tbody>\n",
       "    <tr>\n",
       "      <th>2015-01-02</th>\n",
       "      <td>0.005925</td>\n",
       "      <td>0.013917</td>\n",
       "      <td>-0.003296</td>\n",
       "      <td>0.019652</td>\n",
       "      <td>0.003132</td>\n",
       "      <td>0.021092</td>\n",
       "      <td>0.005643</td>\n",
       "      <td>-0.002647</td>\n",
       "      <td>0.003981</td>\n",
       "      <td>0.013318</td>\n",
       "    </tr>\n",
       "    <tr>\n",
       "      <th>2015-01-05</th>\n",
       "      <td>-0.022189</td>\n",
       "      <td>-0.008443</td>\n",
       "      <td>0.005754</td>\n",
       "      <td>-0.008593</td>\n",
       "      <td>0.003937</td>\n",
       "      <td>0.013912</td>\n",
       "      <td>0.026253</td>\n",
       "      <td>-0.010954</td>\n",
       "      <td>-0.007930</td>\n",
       "      <td>-0.015197</td>\n",
       "    </tr>\n",
       "    <tr>\n",
       "      <th>2015-01-06</th>\n",
       "      <td>-0.007844</td>\n",
       "      <td>-0.015567</td>\n",
       "      <td>0.018940</td>\n",
       "      <td>-0.020893</td>\n",
       "      <td>-0.025693</td>\n",
       "      <td>-0.033355</td>\n",
       "      <td>-0.015242</td>\n",
       "      <td>-0.045385</td>\n",
       "      <td>-0.041087</td>\n",
       "      <td>-0.036867</td>\n",
       "    </tr>\n",
       "    <tr>\n",
       "      <th>2015-01-07</th>\n",
       "      <td>0.002400</td>\n",
       "      <td>0.002919</td>\n",
       "      <td>0.035110</td>\n",
       "      <td>0.004785</td>\n",
       "      <td>-0.018598</td>\n",
       "      <td>-0.002394</td>\n",
       "      <td>0.012517</td>\n",
       "      <td>0.021768</td>\n",
       "      <td>0.000834</td>\n",
       "      <td>-0.011812</td>\n",
       "    </tr>\n",
       "    <tr>\n",
       "      <th>2015-01-08</th>\n",
       "      <td>0.017324</td>\n",
       "      <td>0.021005</td>\n",
       "      <td>0.018893</td>\n",
       "      <td>0.005042</td>\n",
       "      <td>0.025032</td>\n",
       "      <td>0.006365</td>\n",
       "      <td>0.010981</td>\n",
       "      <td>-0.014339</td>\n",
       "      <td>0.015659</td>\n",
       "      <td>0.010795</td>\n",
       "    </tr>\n",
       "  </tbody>\n",
       "</table>\n",
       "</div>"
      ],
      "text/plain": [
       "Ticker      BHARTIARTL.NS  HDFCBANK.NS  HINDUNILVR.NS   INFY.NS    ITC.NS  \\\n",
       "Date                                                                        \n",
       "2015-01-02       0.005925     0.013917      -0.003296  0.019652  0.003132   \n",
       "2015-01-05      -0.022189    -0.008443       0.005754 -0.008593  0.003937   \n",
       "2015-01-06      -0.007844    -0.015567       0.018940 -0.020893 -0.025693   \n",
       "2015-01-07       0.002400     0.002919       0.035110  0.004785 -0.018598   \n",
       "2015-01-08       0.017324     0.021005       0.018893  0.005042  0.025032   \n",
       "\n",
       "Ticker         LT.NS  MARUTI.NS  RELIANCE.NS   SBIN.NS    TCS.NS  \n",
       "Date                                                              \n",
       "2015-01-02  0.021092   0.005643    -0.002647  0.003981  0.013318  \n",
       "2015-01-05  0.013912   0.026253    -0.010954 -0.007930 -0.015197  \n",
       "2015-01-06 -0.033355  -0.015242    -0.045385 -0.041087 -0.036867  \n",
       "2015-01-07 -0.002394   0.012517     0.021768  0.000834 -0.011812  \n",
       "2015-01-08  0.006365   0.010981    -0.014339  0.015659  0.010795  "
      ]
     },
     "execution_count": 4,
     "metadata": {},
     "output_type": "execute_result"
    }
   ],
   "source": [
    "# Computing returns\n",
    "avg_returns = ((data[\"Close\"] - data.shift(1)[\"Close\"])/data.shift(1)[\"Close\"]).dropna()\n",
    "\n",
    "# Displaying first few rows of returns\n",
    "avg_returns.head()"
   ]
  },
  {
   "cell_type": "code",
   "execution_count": null,
   "id": "28c1857b",
   "metadata": {},
   "outputs": [],
   "source": []
  },
  {
   "cell_type": "code",
   "execution_count": 5,
   "id": "9a86000c",
   "metadata": {},
   "outputs": [
    {
     "name": "stdout",
     "output_type": "stream",
     "text": [
      "In-sample data shape: (1479, 10)\n",
      "Out-of-sample data shape: (496, 10)\n",
      "\n",
      "In-sample range: 2015-01-02 00:00:00 to 2020-12-31 00:00:00\n",
      "Out-of-sample range: 2021-01-01 00:00:00 to 2022-12-30 00:00:00\n"
     ]
    }
   ],
   "source": [
    "# Defining periods\n",
    "in_sample = avg_returns.loc['2015-01-01':'2020-12-31']\n",
    "out_sample = avg_returns.loc['2021-01-01':'2022-12-31']\n",
    "\n",
    "# Printing shapes to confirm\n",
    "print(\"In-sample data shape:\", in_sample.shape)\n",
    "print(\"Out-of-sample data shape:\", out_sample.shape)\n",
    "\n",
    "# Checking the time ranges\n",
    "print(\"\\nIn-sample range:\", in_sample.index.min(), \"to\", in_sample.index.max())\n",
    "print(\"Out-of-sample range:\", out_sample.index.min(), \"to\", out_sample.index.max())"
   ]
  },
  {
   "cell_type": "code",
   "execution_count": 6,
   "id": "711b5d1b",
   "metadata": {},
   "outputs": [
    {
     "name": "stdout",
     "output_type": "stream",
     "text": [
      "cov_daily (10, 10)\n",
      "Ticker         BHARTIARTL.NS  HDFCBANK.NS  HINDUNILVR.NS   INFY.NS    ITC.NS  \\\n",
      "Ticker                                                                         \n",
      "BHARTIARTL.NS       0.000454     0.000086       0.000069  0.000066  0.000082   \n",
      "HDFCBANK.NS         0.000086     0.000208       0.000066  0.000069  0.000079   \n",
      "HINDUNILVR.NS       0.000069     0.000066       0.000227  0.000061  0.000060   \n",
      "INFY.NS             0.000066     0.000069       0.000061  0.000315  0.000047   \n",
      "ITC.NS              0.000082     0.000079       0.000060  0.000047  0.000302   \n",
      "LT.NS               0.000109     0.000133       0.000080  0.000070  0.000099   \n",
      "MARUTI.NS           0.000107     0.000127       0.000096  0.000074  0.000082   \n",
      "RELIANCE.NS         0.000108     0.000114       0.000085  0.000083  0.000075   \n",
      "SBIN.NS             0.000138     0.000143       0.000078  0.000082  0.000126   \n",
      "TCS.NS              0.000050     0.000057       0.000054  0.000145  0.000051   \n",
      "\n",
      "Ticker            LT.NS  MARUTI.NS  RELIANCE.NS   SBIN.NS    TCS.NS  \n",
      "Ticker                                                               \n",
      "BHARTIARTL.NS  0.000109   0.000107     0.000108  0.000138  0.000050  \n",
      "HDFCBANK.NS    0.000133   0.000127     0.000114  0.000143  0.000057  \n",
      "HINDUNILVR.NS  0.000080   0.000096     0.000085  0.000078  0.000054  \n",
      "INFY.NS        0.000070   0.000074     0.000083  0.000082  0.000145  \n",
      "ITC.NS         0.000099   0.000082     0.000075  0.000126  0.000051  \n",
      "LT.NS          0.000323   0.000160     0.000119  0.000222  0.000057  \n",
      "MARUTI.NS      0.000160   0.000360     0.000148  0.000181  0.000073  \n",
      "RELIANCE.NS    0.000119   0.000148     0.000365  0.000153  0.000079  \n",
      "SBIN.NS        0.000222   0.000181     0.000153  0.000552  0.000063  \n",
      "TCS.NS         0.000057   0.000073     0.000079  0.000063  0.000250  \n",
      " Mean return vector (annualized):\n"
     ]
    },
    {
     "data": {
      "text/html": [
       "<div>\n",
       "<style scoped>\n",
       "    .dataframe tbody tr th:only-of-type {\n",
       "        vertical-align: middle;\n",
       "    }\n",
       "\n",
       "    .dataframe tbody tr th {\n",
       "        vertical-align: top;\n",
       "    }\n",
       "\n",
       "    .dataframe thead th {\n",
       "        text-align: right;\n",
       "    }\n",
       "</style>\n",
       "<table border=\"1\" class=\"dataframe\">\n",
       "  <thead>\n",
       "    <tr style=\"text-align: right;\">\n",
       "      <th></th>\n",
       "      <th>Expected Annual Return</th>\n",
       "    </tr>\n",
       "    <tr>\n",
       "      <th>Ticker</th>\n",
       "      <th></th>\n",
       "    </tr>\n",
       "  </thead>\n",
       "  <tbody>\n",
       "    <tr>\n",
       "      <th>BHARTIARTL.NS</th>\n",
       "      <td>0.135470</td>\n",
       "    </tr>\n",
       "    <tr>\n",
       "      <th>HDFCBANK.NS</th>\n",
       "      <td>0.220776</td>\n",
       "    </tr>\n",
       "    <tr>\n",
       "      <th>HINDUNILVR.NS</th>\n",
       "      <td>0.240785</td>\n",
       "    </tr>\n",
       "    <tr>\n",
       "      <th>INFY.NS</th>\n",
       "      <td>0.227460</td>\n",
       "    </tr>\n",
       "    <tr>\n",
       "      <th>ITC.NS</th>\n",
       "      <td>0.036437</td>\n",
       "    </tr>\n",
       "    <tr>\n",
       "      <th>LT.NS</th>\n",
       "      <td>0.102748</td>\n",
       "    </tr>\n",
       "    <tr>\n",
       "      <th>MARUTI.NS</th>\n",
       "      <td>0.195913</td>\n",
       "    </tr>\n",
       "    <tr>\n",
       "      <th>RELIANCE.NS</th>\n",
       "      <td>0.310986</td>\n",
       "    </tr>\n",
       "    <tr>\n",
       "      <th>SBIN.NS</th>\n",
       "      <td>0.051838</td>\n",
       "    </tr>\n",
       "    <tr>\n",
       "      <th>TCS.NS</th>\n",
       "      <td>0.190293</td>\n",
       "    </tr>\n",
       "  </tbody>\n",
       "</table>\n",
       "</div>"
      ],
      "text/plain": [
       "               Expected Annual Return\n",
       "Ticker                               \n",
       "BHARTIARTL.NS                0.135470\n",
       "HDFCBANK.NS                  0.220776\n",
       "HINDUNILVR.NS                0.240785\n",
       "INFY.NS                      0.227460\n",
       "ITC.NS                       0.036437\n",
       "LT.NS                        0.102748\n",
       "MARUTI.NS                    0.195913\n",
       "RELIANCE.NS                  0.310986\n",
       "SBIN.NS                      0.051838\n",
       "TCS.NS                       0.190293"
      ]
     },
     "metadata": {},
     "output_type": "display_data"
    },
    {
     "name": "stdout",
     "output_type": "stream",
     "text": [
      "\n",
      " Covariance matrix (annualized):\n"
     ]
    },
    {
     "data": {
      "text/html": [
       "<div>\n",
       "<style scoped>\n",
       "    .dataframe tbody tr th:only-of-type {\n",
       "        vertical-align: middle;\n",
       "    }\n",
       "\n",
       "    .dataframe tbody tr th {\n",
       "        vertical-align: top;\n",
       "    }\n",
       "\n",
       "    .dataframe thead th {\n",
       "        text-align: right;\n",
       "    }\n",
       "</style>\n",
       "<table border=\"1\" class=\"dataframe\">\n",
       "  <thead>\n",
       "    <tr style=\"text-align: right;\">\n",
       "      <th>Ticker</th>\n",
       "      <th>BHARTIARTL.NS</th>\n",
       "      <th>HDFCBANK.NS</th>\n",
       "      <th>HINDUNILVR.NS</th>\n",
       "      <th>INFY.NS</th>\n",
       "      <th>ITC.NS</th>\n",
       "      <th>LT.NS</th>\n",
       "      <th>MARUTI.NS</th>\n",
       "      <th>RELIANCE.NS</th>\n",
       "      <th>SBIN.NS</th>\n",
       "      <th>TCS.NS</th>\n",
       "    </tr>\n",
       "    <tr>\n",
       "      <th>Ticker</th>\n",
       "      <th></th>\n",
       "      <th></th>\n",
       "      <th></th>\n",
       "      <th></th>\n",
       "      <th></th>\n",
       "      <th></th>\n",
       "      <th></th>\n",
       "      <th></th>\n",
       "      <th></th>\n",
       "      <th></th>\n",
       "    </tr>\n",
       "  </thead>\n",
       "  <tbody>\n",
       "    <tr>\n",
       "      <th>BHARTIARTL.NS</th>\n",
       "      <td>0.114355</td>\n",
       "      <td>0.021743</td>\n",
       "      <td>0.017328</td>\n",
       "      <td>0.016730</td>\n",
       "      <td>0.020596</td>\n",
       "      <td>0.027496</td>\n",
       "      <td>0.026883</td>\n",
       "      <td>0.027311</td>\n",
       "      <td>0.034705</td>\n",
       "      <td>0.012702</td>\n",
       "    </tr>\n",
       "    <tr>\n",
       "      <th>HDFCBANK.NS</th>\n",
       "      <td>0.021743</td>\n",
       "      <td>0.052350</td>\n",
       "      <td>0.016517</td>\n",
       "      <td>0.017380</td>\n",
       "      <td>0.019843</td>\n",
       "      <td>0.033562</td>\n",
       "      <td>0.031994</td>\n",
       "      <td>0.028749</td>\n",
       "      <td>0.036121</td>\n",
       "      <td>0.014320</td>\n",
       "    </tr>\n",
       "    <tr>\n",
       "      <th>HINDUNILVR.NS</th>\n",
       "      <td>0.017328</td>\n",
       "      <td>0.016517</td>\n",
       "      <td>0.057186</td>\n",
       "      <td>0.015332</td>\n",
       "      <td>0.015036</td>\n",
       "      <td>0.020135</td>\n",
       "      <td>0.024264</td>\n",
       "      <td>0.021488</td>\n",
       "      <td>0.019781</td>\n",
       "      <td>0.013549</td>\n",
       "    </tr>\n",
       "    <tr>\n",
       "      <th>INFY.NS</th>\n",
       "      <td>0.016730</td>\n",
       "      <td>0.017380</td>\n",
       "      <td>0.015332</td>\n",
       "      <td>0.079378</td>\n",
       "      <td>0.011935</td>\n",
       "      <td>0.017738</td>\n",
       "      <td>0.018543</td>\n",
       "      <td>0.020882</td>\n",
       "      <td>0.020755</td>\n",
       "      <td>0.036505</td>\n",
       "    </tr>\n",
       "    <tr>\n",
       "      <th>ITC.NS</th>\n",
       "      <td>0.020596</td>\n",
       "      <td>0.019843</td>\n",
       "      <td>0.015036</td>\n",
       "      <td>0.011935</td>\n",
       "      <td>0.076028</td>\n",
       "      <td>0.024903</td>\n",
       "      <td>0.020609</td>\n",
       "      <td>0.018850</td>\n",
       "      <td>0.031812</td>\n",
       "      <td>0.012958</td>\n",
       "    </tr>\n",
       "    <tr>\n",
       "      <th>LT.NS</th>\n",
       "      <td>0.027496</td>\n",
       "      <td>0.033562</td>\n",
       "      <td>0.020135</td>\n",
       "      <td>0.017738</td>\n",
       "      <td>0.024903</td>\n",
       "      <td>0.081296</td>\n",
       "      <td>0.040220</td>\n",
       "      <td>0.029974</td>\n",
       "      <td>0.055832</td>\n",
       "      <td>0.014393</td>\n",
       "    </tr>\n",
       "    <tr>\n",
       "      <th>MARUTI.NS</th>\n",
       "      <td>0.026883</td>\n",
       "      <td>0.031994</td>\n",
       "      <td>0.024264</td>\n",
       "      <td>0.018543</td>\n",
       "      <td>0.020609</td>\n",
       "      <td>0.040220</td>\n",
       "      <td>0.090812</td>\n",
       "      <td>0.037258</td>\n",
       "      <td>0.045512</td>\n",
       "      <td>0.018272</td>\n",
       "    </tr>\n",
       "    <tr>\n",
       "      <th>RELIANCE.NS</th>\n",
       "      <td>0.027311</td>\n",
       "      <td>0.028749</td>\n",
       "      <td>0.021488</td>\n",
       "      <td>0.020882</td>\n",
       "      <td>0.018850</td>\n",
       "      <td>0.029974</td>\n",
       "      <td>0.037258</td>\n",
       "      <td>0.092024</td>\n",
       "      <td>0.038455</td>\n",
       "      <td>0.019852</td>\n",
       "    </tr>\n",
       "    <tr>\n",
       "      <th>SBIN.NS</th>\n",
       "      <td>0.034705</td>\n",
       "      <td>0.036121</td>\n",
       "      <td>0.019781</td>\n",
       "      <td>0.020755</td>\n",
       "      <td>0.031812</td>\n",
       "      <td>0.055832</td>\n",
       "      <td>0.045512</td>\n",
       "      <td>0.038455</td>\n",
       "      <td>0.139171</td>\n",
       "      <td>0.015847</td>\n",
       "    </tr>\n",
       "    <tr>\n",
       "      <th>TCS.NS</th>\n",
       "      <td>0.012702</td>\n",
       "      <td>0.014320</td>\n",
       "      <td>0.013549</td>\n",
       "      <td>0.036505</td>\n",
       "      <td>0.012958</td>\n",
       "      <td>0.014393</td>\n",
       "      <td>0.018272</td>\n",
       "      <td>0.019852</td>\n",
       "      <td>0.015847</td>\n",
       "      <td>0.062899</td>\n",
       "    </tr>\n",
       "  </tbody>\n",
       "</table>\n",
       "</div>"
      ],
      "text/plain": [
       "Ticker         BHARTIARTL.NS  HDFCBANK.NS  HINDUNILVR.NS   INFY.NS    ITC.NS  \\\n",
       "Ticker                                                                         \n",
       "BHARTIARTL.NS       0.114355     0.021743       0.017328  0.016730  0.020596   \n",
       "HDFCBANK.NS         0.021743     0.052350       0.016517  0.017380  0.019843   \n",
       "HINDUNILVR.NS       0.017328     0.016517       0.057186  0.015332  0.015036   \n",
       "INFY.NS             0.016730     0.017380       0.015332  0.079378  0.011935   \n",
       "ITC.NS              0.020596     0.019843       0.015036  0.011935  0.076028   \n",
       "LT.NS               0.027496     0.033562       0.020135  0.017738  0.024903   \n",
       "MARUTI.NS           0.026883     0.031994       0.024264  0.018543  0.020609   \n",
       "RELIANCE.NS         0.027311     0.028749       0.021488  0.020882  0.018850   \n",
       "SBIN.NS             0.034705     0.036121       0.019781  0.020755  0.031812   \n",
       "TCS.NS              0.012702     0.014320       0.013549  0.036505  0.012958   \n",
       "\n",
       "Ticker            LT.NS  MARUTI.NS  RELIANCE.NS   SBIN.NS    TCS.NS  \n",
       "Ticker                                                               \n",
       "BHARTIARTL.NS  0.027496   0.026883     0.027311  0.034705  0.012702  \n",
       "HDFCBANK.NS    0.033562   0.031994     0.028749  0.036121  0.014320  \n",
       "HINDUNILVR.NS  0.020135   0.024264     0.021488  0.019781  0.013549  \n",
       "INFY.NS        0.017738   0.018543     0.020882  0.020755  0.036505  \n",
       "ITC.NS         0.024903   0.020609     0.018850  0.031812  0.012958  \n",
       "LT.NS          0.081296   0.040220     0.029974  0.055832  0.014393  \n",
       "MARUTI.NS      0.040220   0.090812     0.037258  0.045512  0.018272  \n",
       "RELIANCE.NS    0.029974   0.037258     0.092024  0.038455  0.019852  \n",
       "SBIN.NS        0.055832   0.045512     0.038455  0.139171  0.015847  \n",
       "TCS.NS         0.014393   0.018272     0.019852  0.015847  0.062899  "
      ]
     },
     "metadata": {},
     "output_type": "display_data"
    },
    {
     "name": "stdout",
     "output_type": "stream",
     "text": [
      "\n",
      " Correlation matrix:\n"
     ]
    },
    {
     "data": {
      "text/html": [
       "<div>\n",
       "<style scoped>\n",
       "    .dataframe tbody tr th:only-of-type {\n",
       "        vertical-align: middle;\n",
       "    }\n",
       "\n",
       "    .dataframe tbody tr th {\n",
       "        vertical-align: top;\n",
       "    }\n",
       "\n",
       "    .dataframe thead th {\n",
       "        text-align: right;\n",
       "    }\n",
       "</style>\n",
       "<table border=\"1\" class=\"dataframe\">\n",
       "  <thead>\n",
       "    <tr style=\"text-align: right;\">\n",
       "      <th>Ticker</th>\n",
       "      <th>BHARTIARTL.NS</th>\n",
       "      <th>HDFCBANK.NS</th>\n",
       "      <th>HINDUNILVR.NS</th>\n",
       "      <th>INFY.NS</th>\n",
       "      <th>ITC.NS</th>\n",
       "      <th>LT.NS</th>\n",
       "      <th>MARUTI.NS</th>\n",
       "      <th>RELIANCE.NS</th>\n",
       "      <th>SBIN.NS</th>\n",
       "      <th>TCS.NS</th>\n",
       "    </tr>\n",
       "    <tr>\n",
       "      <th>Ticker</th>\n",
       "      <th></th>\n",
       "      <th></th>\n",
       "      <th></th>\n",
       "      <th></th>\n",
       "      <th></th>\n",
       "      <th></th>\n",
       "      <th></th>\n",
       "      <th></th>\n",
       "      <th></th>\n",
       "      <th></th>\n",
       "    </tr>\n",
       "  </thead>\n",
       "  <tbody>\n",
       "    <tr>\n",
       "      <th>BHARTIARTL.NS</th>\n",
       "      <td>1.000000</td>\n",
       "      <td>0.281015</td>\n",
       "      <td>0.214280</td>\n",
       "      <td>0.175601</td>\n",
       "      <td>0.220881</td>\n",
       "      <td>0.285174</td>\n",
       "      <td>0.263806</td>\n",
       "      <td>0.266233</td>\n",
       "      <td>0.275096</td>\n",
       "      <td>0.149765</td>\n",
       "    </tr>\n",
       "    <tr>\n",
       "      <th>HDFCBANK.NS</th>\n",
       "      <td>0.281015</td>\n",
       "      <td>1.000000</td>\n",
       "      <td>0.301876</td>\n",
       "      <td>0.269619</td>\n",
       "      <td>0.314537</td>\n",
       "      <td>0.514464</td>\n",
       "      <td>0.464021</td>\n",
       "      <td>0.414203</td>\n",
       "      <td>0.423178</td>\n",
       "      <td>0.249547</td>\n",
       "    </tr>\n",
       "    <tr>\n",
       "      <th>HINDUNILVR.NS</th>\n",
       "      <td>0.214280</td>\n",
       "      <td>0.301876</td>\n",
       "      <td>1.000000</td>\n",
       "      <td>0.227568</td>\n",
       "      <td>0.228040</td>\n",
       "      <td>0.295313</td>\n",
       "      <td>0.336699</td>\n",
       "      <td>0.296217</td>\n",
       "      <td>0.221733</td>\n",
       "      <td>0.225912</td>\n",
       "    </tr>\n",
       "    <tr>\n",
       "      <th>INFY.NS</th>\n",
       "      <td>0.175601</td>\n",
       "      <td>0.269619</td>\n",
       "      <td>0.227568</td>\n",
       "      <td>1.000000</td>\n",
       "      <td>0.153634</td>\n",
       "      <td>0.220807</td>\n",
       "      <td>0.218401</td>\n",
       "      <td>0.244326</td>\n",
       "      <td>0.197465</td>\n",
       "      <td>0.516622</td>\n",
       "    </tr>\n",
       "    <tr>\n",
       "      <th>ITC.NS</th>\n",
       "      <td>0.220881</td>\n",
       "      <td>0.314537</td>\n",
       "      <td>0.228040</td>\n",
       "      <td>0.153634</td>\n",
       "      <td>1.000000</td>\n",
       "      <td>0.316766</td>\n",
       "      <td>0.248023</td>\n",
       "      <td>0.225364</td>\n",
       "      <td>0.309264</td>\n",
       "      <td>0.187380</td>\n",
       "    </tr>\n",
       "    <tr>\n",
       "      <th>LT.NS</th>\n",
       "      <td>0.285174</td>\n",
       "      <td>0.514464</td>\n",
       "      <td>0.295313</td>\n",
       "      <td>0.220807</td>\n",
       "      <td>0.316766</td>\n",
       "      <td>1.000000</td>\n",
       "      <td>0.468096</td>\n",
       "      <td>0.346543</td>\n",
       "      <td>0.524898</td>\n",
       "      <td>0.201280</td>\n",
       "    </tr>\n",
       "    <tr>\n",
       "      <th>MARUTI.NS</th>\n",
       "      <td>0.263806</td>\n",
       "      <td>0.464021</td>\n",
       "      <td>0.336699</td>\n",
       "      <td>0.218401</td>\n",
       "      <td>0.248023</td>\n",
       "      <td>0.468096</td>\n",
       "      <td>1.000000</td>\n",
       "      <td>0.407566</td>\n",
       "      <td>0.404841</td>\n",
       "      <td>0.241769</td>\n",
       "    </tr>\n",
       "    <tr>\n",
       "      <th>RELIANCE.NS</th>\n",
       "      <td>0.266233</td>\n",
       "      <td>0.414203</td>\n",
       "      <td>0.296217</td>\n",
       "      <td>0.244326</td>\n",
       "      <td>0.225364</td>\n",
       "      <td>0.346543</td>\n",
       "      <td>0.407566</td>\n",
       "      <td>1.000000</td>\n",
       "      <td>0.339802</td>\n",
       "      <td>0.260940</td>\n",
       "    </tr>\n",
       "    <tr>\n",
       "      <th>SBIN.NS</th>\n",
       "      <td>0.275096</td>\n",
       "      <td>0.423178</td>\n",
       "      <td>0.221733</td>\n",
       "      <td>0.197465</td>\n",
       "      <td>0.309264</td>\n",
       "      <td>0.524898</td>\n",
       "      <td>0.404841</td>\n",
       "      <td>0.339802</td>\n",
       "      <td>1.000000</td>\n",
       "      <td>0.169374</td>\n",
       "    </tr>\n",
       "    <tr>\n",
       "      <th>TCS.NS</th>\n",
       "      <td>0.149765</td>\n",
       "      <td>0.249547</td>\n",
       "      <td>0.225912</td>\n",
       "      <td>0.516622</td>\n",
       "      <td>0.187380</td>\n",
       "      <td>0.201280</td>\n",
       "      <td>0.241769</td>\n",
       "      <td>0.260940</td>\n",
       "      <td>0.169374</td>\n",
       "      <td>1.000000</td>\n",
       "    </tr>\n",
       "  </tbody>\n",
       "</table>\n",
       "</div>"
      ],
      "text/plain": [
       "Ticker         BHARTIARTL.NS  HDFCBANK.NS  HINDUNILVR.NS   INFY.NS    ITC.NS  \\\n",
       "Ticker                                                                         \n",
       "BHARTIARTL.NS       1.000000     0.281015       0.214280  0.175601  0.220881   \n",
       "HDFCBANK.NS         0.281015     1.000000       0.301876  0.269619  0.314537   \n",
       "HINDUNILVR.NS       0.214280     0.301876       1.000000  0.227568  0.228040   \n",
       "INFY.NS             0.175601     0.269619       0.227568  1.000000  0.153634   \n",
       "ITC.NS              0.220881     0.314537       0.228040  0.153634  1.000000   \n",
       "LT.NS               0.285174     0.514464       0.295313  0.220807  0.316766   \n",
       "MARUTI.NS           0.263806     0.464021       0.336699  0.218401  0.248023   \n",
       "RELIANCE.NS         0.266233     0.414203       0.296217  0.244326  0.225364   \n",
       "SBIN.NS             0.275096     0.423178       0.221733  0.197465  0.309264   \n",
       "TCS.NS              0.149765     0.249547       0.225912  0.516622  0.187380   \n",
       "\n",
       "Ticker            LT.NS  MARUTI.NS  RELIANCE.NS   SBIN.NS    TCS.NS  \n",
       "Ticker                                                               \n",
       "BHARTIARTL.NS  0.285174   0.263806     0.266233  0.275096  0.149765  \n",
       "HDFCBANK.NS    0.514464   0.464021     0.414203  0.423178  0.249547  \n",
       "HINDUNILVR.NS  0.295313   0.336699     0.296217  0.221733  0.225912  \n",
       "INFY.NS        0.220807   0.218401     0.244326  0.197465  0.516622  \n",
       "ITC.NS         0.316766   0.248023     0.225364  0.309264  0.187380  \n",
       "LT.NS          1.000000   0.468096     0.346543  0.524898  0.201280  \n",
       "MARUTI.NS      0.468096   1.000000     0.407566  0.404841  0.241769  \n",
       "RELIANCE.NS    0.346543   0.407566     1.000000  0.339802  0.260940  \n",
       "SBIN.NS        0.524898   0.404841     0.339802  1.000000  0.169374  \n",
       "TCS.NS         0.201280   0.241769     0.260940  0.169374  1.000000  "
      ]
     },
     "metadata": {},
     "output_type": "display_data"
    }
   ],
   "source": [
    "# Mean vector (daily)\n",
    "mean_daily = in_sample.mean()\n",
    "\n",
    "# Covariance matrix (daily)\n",
    "cov_daily = in_sample.cov()\n",
    "print(\"cov_daily\", cov_daily.shape)\n",
    "print(cov_daily)\n",
    "\n",
    "# Correlation matrix\n",
    "corr_matrix = in_sample.corr()\n",
    "\n",
    "#  Annualizing (because these are daily log‑returns)\n",
